{
 "cells": [
  {
   "attachments": {},
   "cell_type": "markdown",
   "id": "c32c8012-f3bf-4f96-9aff-e8b20eca1ec7",
   "metadata": {},
   "source": [
    "# Surrogate Construction for Genz Functions: BCS"
   ]
  },
  {
   "attachments": {},
   "cell_type": "markdown",
   "id": "6e289260-b35a-4113-90d9-6f0c2eb4bc92",
   "metadata": {},
   "source": [
    "This notebook constructs a PC surrogate for Genz functions and gives the normalized root mean square error between the surrogate and the actual function. Both the Genz function and PCE are defined on [-1,1]."
   ]
  },
  {
   "cell_type": "code",
   "execution_count": 1,
   "id": "f74bf835-9ef7-452b-85cc-7fd3ebbe7dd3",
   "metadata": {},
   "outputs": [
    {
     "name": "stdout",
     "output_type": "stream",
     "text": [
      "PyMC is required for some of the MCMC postprocessing codes.\n",
      "Will proceed without, but some convergence tests will not be available.\n"
     ]
    }
   ],
   "source": [
    "import numpy as np\n",
    "import math  \n",
    "from scipy.stats import qmc\n",
    "import pandas as pd\n",
    "\n",
    "import PyUQTk.pce as uqtkpce\n",
    "import PyUQTk.PyPCE.pce_tools as pce_tools\n",
    "from PyUQTk.utils.func import *"
   ]
  },
  {
   "attachments": {},
   "cell_type": "markdown",
   "id": "532e0f3a-c607-4877-b64f-4a9cf1c40556",
   "metadata": {},
   "source": [
    "We define our input parameters. BCS is best for undetermined models and/or large basis sets."
   ]
  },
  {
   "cell_type": "code",
   "execution_count": 2,
   "id": "aa0bbccd-c5e7-40ab-a720-9ccf740514e9",
   "metadata": {},
   "outputs": [],
   "source": [
    "# PC parameters\n",
    "nord = 4            # Order of the final PCE basis\n",
    "ndim = 4            # Number of dimensions\n",
    "pc_type = \"LU\"      # Polynomial type\n",
    "pc_alpha = 0.0      # Free parameter > -1 for Gamma-Laguerre and Beta-Jacobi PCs\n",
    "pc_beta = 1.0       # Free parameter > -1 for Gamma-Laguerre and Beta-Jacobi PCs\n",
    "\n",
    "# Model to represent\n",
    "model = 'genz_osc'   # Choices are 'genz_osc', 'genz_exp', 'genz_cont','genz_gaus','genz_cpeak', 'genz_ppeak'"
   ]
  },
  {
   "attachments": {},
   "cell_type": "markdown",
   "id": "e17570ae-1ebd-4b8d-a9e8-7b1b26ec1809",
   "metadata": {},
   "source": [
    "We randomly generate training and testing data."
   ]
  },
  {
   "cell_type": "code",
   "execution_count": 3,
   "id": "38790a1d-574d-427b-b5e3-44eb3408aa0e",
   "metadata": {},
   "outputs": [],
   "source": [
    "# PC model with a full basis set\n",
    "pc_model =  uqtkpce.PCSet(\"NISPnoq\", nord, ndim, pc_type, pc_alpha, pc_beta)\n",
    "\n",
    "# Random number generator\n",
    "rng = qmc.LatinHypercube(d=ndim, seed=43)\n",
    "\n",
    "#Training\n",
    "np.random.seed(42)\n",
    "nTrain = int(pc_model.GetNumberPCTerms()*1) # Number of training samples\n",
    "x_tr_no_noise = 2*rng.random(n=nTrain)-1\n",
    "x_train = x_tr_no_noise + np.random.normal(0, 0.1, size = x_tr_no_noise.shape)\n",
    "y_train = func(x_tr_no_noise, model, np.ones(ndim+1))\n",
    "\n",
    "#Testing\n",
    "nTest = 10000  # Number of testing samples\n",
    "x_test_no_noise = 2*rng.random(n=nTest)-1\n",
    "x_test = x_test_no_noise + np.random.normal(0, 0.1, size = x_test_no_noise.shape)\n",
    "y_test = func(x_test_no_noise, model, np.ones(ndim+1))"
   ]
  },
  {
   "attachments": {},
   "cell_type": "markdown",
   "id": "9e806bad",
   "metadata": {},
   "source": [
    "## BCS with default settings\n",
    "\n",
    "We then perform BCS by inputting the PCSet object that contains the starting basis, the x training data, and the y training data. Set verbose to 0 to silence print statements, to 1 for some statements, and 2 for all statements.\n",
    "\n",
    "We then evaluate the polynomial chaos expansion and calculate the normalized root mean square error."
   ]
  },
  {
   "cell_type": "code",
   "execution_count": 5,
   "id": "b14fa3eb",
   "metadata": {},
   "outputs": [
    {
     "name": "stdout",
     "output_type": "stream",
     "text": [
      "============  Split # 1 / 1 ============\n",
      "==== BCS with multiindex of size 70 ====\n",
      "BCS has selected 17 basis terms out of 70\n",
      "Coefficients:\n",
      "[-0.40426661 -0.39440045 -0.38787995 -0.38299555 -0.36322194  0.20481367\n",
      "  0.17744271  0.17615609  0.16997361  0.16081588  0.101805    0.10113724\n",
      "  0.09661748 -0.07820574 -0.06027544  0.05970374  0.03663573]\n",
      "17  terms retained out of a full basis of size 70\n",
      "The NRMS error between a 4 -dimensional genz_osc function and a BCS-based PC surrogate of order 4 is\n"
     ]
    },
    {
     "data": {
      "text/plain": [
       "0.3985792514972794"
      ]
     },
     "execution_count": 5,
     "metadata": {},
     "output_type": "execute_result"
    }
   ],
   "source": [
    "# Define PC object\n",
    "pc_start = uqtkpce.PCSet(\"NISPnoq\", nord, ndim, pc_type, pc_alpha, pc_beta)\n",
    "\n",
    "# Perform BCS\n",
    "pc_final, c_k = pce_tools.UQTkBCS(pc_start, x_train, y_train, verbose=1)\n",
    "\n",
    "# Evaluate the PCE\n",
    "pce_evals = pce_tools.UQTkEvaluatePCE(pc_final, c_k, x_test)\n",
    "\n",
    "# Calculate error metric\n",
    "MSE = np.square(np.subtract(y_test, pce_evals)).mean()\n",
    "NRMSE=math.sqrt(MSE)/np.abs(y_test.mean())\n",
    "print(\"The NRMS error between a\", ndim, \"-dimensional\", model, \"function and a BCS-based PC surrogate of \\\n",
    "order\", nord, \"is\")\n",
    "NRMSE"
   ]
  },
  {
   "attachments": {},
   "cell_type": "markdown",
   "id": "dd75da29",
   "metadata": {},
   "source": [
    "## Basis cross-validation\n",
    " To ensure important basis terms are selected, we may also perform BCS multiple times on multiple splits of the training data. BCS selects basis terms in each split, then the intersection of the basis terms is found, and regression is run on that set of intersecting basis terms. The default setting is ntry=1. Here, we show ntry=2."
   ]
  },
  {
   "cell_type": "code",
   "execution_count": null,
   "id": "7e91b59f",
   "metadata": {},
   "outputs": [
    {
     "name": "stdout",
     "output_type": "stream",
     "text": [
      "============  Split # 1 / 2 ============\n",
      "==== BCS with multiindex of size 70 ====\n",
      "BCS has selected====================================================\n",
      "mxn double Array \n",
      "with m = 7, and n = 7\n",
      " 7 basis terms out of 70\n",
      "============  Split # 2 / 2 ============\n",
      "==== BCS with multiindex of size 70 ====\n",
      "BCS has selected 11 basis terms out of 70\n",
      "Coefficients:\n",
      "[-0.36159581 -0.4003449  -0.42695139 -0.36334667 -0.42364005]\n",
      "5  terms retained out of a full basis of size 70\n",
      "----------------------------------------------------\n",
      "    1   | 3.77619e-09  4.98966e-10  9.93136e-10  4.80379e-10  9.32839e-10  3.41263e-10  3.15622e-10  \n",
      "    2   | 4.98966e-10  3.98683e-10  2.27357e-10  1.38041e-10  2.95792e-10  3.27602e-11  2.23974e-10  \n",
      "    3   | 9.93136e-10  2.27357e-10  1.22539e-09  8.83055e-11  3.95695e-10  -2.63959e-10  1.45103e-10  \n",
      "    4   | 4.80379e-10  1.38041e-10  8.83055e-11  9.74058e-10  2.35757e-10  2.20931e-10  -5.21425e-11  \n",
      "    5   | 9.32839e-10  2.95792e-10  3.95695e-10  2.35757e-10  1.1358e-09  2.52321e-10  3.16475e-10  \n",
      "    6   | 3.41263e-10  3.27602e-11  -2.63959e-10  2.20931e-10  2.52321e-10  1.29417e-09  5.36694e-10  \n",
      "    7   | 3.15622e-10  2.23974e-10  1.45103e-10  -5.21425e-11  3.16475e-10  5.36694e-10  4.97429e-09  \n",
      "====================================================\n",
      "mxn double Array \n",
      "with m = 11, and n = 11\n",
      "----------------------------------------------------\n",
      "    1   | 1.34398e-09  1.73464e-11  -5.99512e-11  -2.82571e-10  -4.29922e-10  7.96068e-10  -3.46731e-10  5.15952e-10  -2.82843e-10  1.1422e-09  1.41323e-09  \n",
      "    2   | 1.73464e-11  4.12811e-10  3.81632e-10  -2.18231e-12  -1.87345e-10  1.21186e-10  -9.22221e-10  2.27978e-10  -2.64489e-10  -1.08443e-10  2.45615e-10  \n",
      "    3   | -5.99512e-11  3.81632e-10  1.44467e-09  6.78959e-11  -3.79683e-10  -8.24641e-11  -2.20041e-09  6.30488e-10  -7.82401e-10  -6.27052e-10  -1.52626e-10  \n",
      "    4   | -2.82571e-10  -2.18231e-12  6.78959e-11  1.33694e-09  7.20201e-10  -1.3794e-09  1.02197e-10  9.38635e-10  1.09739e-09  -2.86751e-10  -9.46382e-10  \n",
      "    5   | -4.29922e-10  -1.87345e-10  -3.79683e-10  7.20201e-10  1.77272e-09  -1.14803e-09  1.87522e-09  4.43203e-10  1.36711e-09  2.40666e-10  -1.4279e-09  \n",
      "    6   | 7.96068e-10  1.21186e-10  -8.24641e-11  -1.3794e-09  -1.14803e-09  8.67602e-09  8.03123e-10  -2.47318e-09  1.10585e-11  6.41634e-10  3.49912e-09  \n",
      "    7   | -3.46731e-10  -9.22221e-10  -2.20041e-09  1.02197e-10  1.87522e-09  8.03123e-10  1.03949e-08  -2.16561e-09  2.55624e-09  1.2839e-09  -6.31774e-10  \n",
      "    8   | 5.15952e-10  2.27978e-10  6.30488e-10  9.38635e-10  4.43203e-10  -2.47318e-09  -2.16561e-09  6.06472e-09  -9.99633e-11  1.50437e-09  -8.58792e-11  \n",
      "    9   | -2.82843e-10  -2.64489e-10  -7.82401e-10  1.09739e-09  1.36711e-09  1.10585e-11  2.55624e-09  -9.99633e-11  9.04052e-09  1.07707e-09  1.09628e-10  \n",
      "   10   | 1.1422e-09  -1.08443e-10  -6.27052e-10  -2.86751e-10  2.40666e-10  6.41634e-10  1.2839e-09  1.50437e-09  1.07707e-09  4.84006e-09  3.28196e-09  \n",
      "   11   | 1.41323e-09  2.45615e-10  -1.52626e-10  -9.46382e-10  -1.4279e-09  3.49912e-09  -6.31774e-10  -8.58792e-11  1.09628e-10  3.28196e-09  8.33884e-09  \n",
      "The NRMS error between a 4 -dimensional genz_osc function and a BCS-based PC surrogate of order 4 is\n"
     ]
    },
    {
     "data": {
      "text/plain": [
       "0.3662391313936097"
      ]
     },
     "execution_count": 5,
     "metadata": {},
     "output_type": "execute_result"
    }
   ],
   "source": [
    "# Define PC object\n",
    "pc_start = uqtkpce.PCSet(\"NISPnoq\", nord, ndim, pc_type, pc_alpha, pc_beta)\n",
    "\n",
    "# Perform BCS\n",
    "pc_final, c_k = pce_tools.UQTkBCS(pc_start, x_train, y_train, ntry=2, verbose=1)\n",
    "\n",
    "# Evaluate the PCE\n",
    "pce_evals = pce_tools.UQTkEvaluatePCE(pc_final, c_k, x_test)\n",
    "\n",
    "# Calculate error metric\n",
    "MSE = np.square(np.subtract(y_test, pce_evals)).mean()\n",
    "NRMSE=math.sqrt(MSE)/np.abs(y_test.mean())\n",
    "print(\"The NRMS error between a\", ndim, \"-dimensional\", model, \"function and a BCS-based PC surrogate of \\\n",
    "order\", nord, \"is\")\n",
    "NRMSE"
   ]
  },
  {
   "attachments": {},
   "cell_type": "markdown",
   "id": "f65a9bb7",
   "metadata": {},
   "source": [
    "## Basis growth\n",
    "We may also perform BCS with iterations of basis growth. We give BCS a basis of a smaller starting order, then grow the basis in the areas that are most advantageous. This allows us to calculate higher order PCEs without the computational cost of computing a full basis set of coefficients. The default is mindex_growth = None and the niter (number of iterations) = 1.\n",
    "\n",
    "Here we show 2 iterations of nonconservative basis growth, which adds multiindex entries of a higher order if *any* of the parents are in the current set.  "
   ]
  },
  {
   "cell_type": "code",
   "execution_count": null,
   "id": "18a8a231",
   "metadata": {},
   "outputs": [
    {
     "name": "stdout",
     "output_type": "stream",
     "text": [
      "============  Split # 1 / 1 ============\n",
      "==== BCS with multiindex of size 35 ====\n",
      "BCS has selected====================================================\n",
      "mxn double Array \n",
      "with m = 14, and n = 14\n",
      "----------------------------------------------------\n",
      "    1   |  14 basis terms out of 35\n",
      "1.55954e-10  1.26919e-11  1.05674e-11  3.52183e-12  -1.41901e-12  5.99646e-11  -1.04248e-11  9.13314e-11  -2.15938e-11  5.52916e-11  -5.22335e-12  6.51991e-13  5.25614e-11  7.03137e-11  \n",
      "    2   | 1.26919e-11  5.38507e-10  6.23744e-11  5.67256e-11  -4.30942e-11  1.01692e-10  -4.76733e-11  8.7073e-11  1.87473e-10  3.08133e-10  2.10309e-11  -1.92561e-11  -1.29982e-10  1.61555e-10  \n",
      "    3   | 1.05674e-11  6.23744e-11  4.87679e-10  8.77039e-12  -5.47302e-11  1.11463e-10  1.19389e-10  7.62582e-12  9.08252e-11  2.02573e-10  5.65115e-12  -9.66942e-11  1.19026e-10  1.85321e-10  \n",
      "    4   | 3.52183e-12  5.67256e-11  8.77039e-12  4.80018e-10  7.03096e-11  1.61949e-10  3.63156e-11  7.14409e-11  1.05269e-10  3.81702e-11  4.1249e-11  5.54572e-11  -8.54759e-11  -1.42075e-10  \n",
      "    5   | -1.41901e-12  -4.30942e-11  -5.47302e-11  7.03096e-11  5.11275e-10  3.63779e-11  -2.24638e-10  -2.95862e-10  -1.5523e-10  -5.2995e-11   3.932e-11  1.08872e-10  -1.07014e-10  -1.98993e-10  \n",
      "    6   | 5.99646e-11  1.01692e-10  1.11463e-10  1.61949e-10  3.63779e-11  1.82095e-09  1.1103e-10  5.89475e-10  6.14951e-10  5.7693e-10  5.49281e-10  -7.82815e-12  -2.19169e-10  -1.06579e-09  \n",
      "    7   | -1.04248e-11  -4.76733e-11  1.19389e-10  3.63156e-11  -2.24638e-10  1.1103e-10  6.63152e-10  5.1827e-10  2.68954e-10  1.03599e-10  -6.47236e-11  -5.24729e-11  1.49825e-10  4.96642e-11  \n",
      "    8   | 9.13314e-11  8.7073e-11  7.62582e-12  7.14409e-11  -2.95862e-10  5.89475e-10  5.1827e-10  3.65284e-09  9.83166e-10  5.3275e-10  1.62584e-10  1.87195e-10  1.65799e-10  9.80802e-11  \n",
      "    9   | -2.15938e-11  1.87473e-10  9.08252e-11  1.05269e-10  -1.5523e-10  6.14951e-10  2.68954e-10  9.83166e-10  1.6771e-09  6.35195e-10  3.10575e-10  1.43623e-10  -1.71838e-10  -3.3571e-10  \n",
      "   10   | 5.52916e-11  3.08133e-10  2.02573e-10  3.81702e-11  -5.2995e-11  5.7693e-10  1.03599e-10  5.3275e-10  6.35195e-10  1.94274e-09  3.51369e-10  1.09323e-11  -1.35147e-10  -2.52927e-11  \n",
      "   11   | -5.22335e-12  2.10309e-11  5.65115e-12  4.1249e-11   3.932e-11  5.49281e-10  -6.47236e-11  1.62584e-10  3.10575e-10  3.51369e-10  1.04386e-09  4.71736e-11  -3.41201e-10  -3.84553e-10  \n",
      "   12   | 6.51991e-13  -1.92561e-11  -9.66942e-11  5.54572e-11  1.08872e-10  -7.82815e-12  -5.24729e-11  1.87195e-10  1.43623e-10  1.09323e-11  4.71736e-11  1.1403e-09  -1.46019e-10  3.66561e-11  \n",
      "   13   | 5.25614e-11  -1.29982e-10  1.19026e-10  -8.54759e-11  -1.07014e-10  -2.19169e-10  1.49825e-10  1.65799e-10  -1.71838e-10  -1.35147e-10  -3.41201e-10  -1.46019e-10  1.56794e-09  -3.43253e-11  \n",
      "   14   | 7.03137e-11  1.61555e-10  1.85321e-10  -1.42075e-10  -1.98993e-10  -1.06579e-09  4.96642e-11  9.80802e-11  -3.3571e-10  -2.52927e-11  -3.84553e-10  3.66561e-11  -3.43253e-11  3.85794e-09  \n",
      "==== BCS with multiindex of size 49 ====\n",
      "BCS has selected 18 basis terms out of 49\n",
      "Coefficients:\n",
      "[-0.40243839 -0.39576055 -0.39063821 -0.38718265 -0.36294641  0.19040466\n",
      "  0.17425612  0.16684948  0.16062087  0.1352436  -0.12675721  0.11797902\n",
      " -0.09788142  0.09333043  0.09002183  0.06397633 -0.04775366  0.03896472]\n",
      "18  terms retained out of a full basis of size 70\n",
      "====================================================\n",
      "mxn double Array \n",
      "with m = 18, and n = 18\n",
      "----------------------------------------------------\n",
      "    1   | 1.69025e-10  -1.57053e-11  2.60968e-11  -9.74961e-12  1.38545e-11  8.20891e-11  3.82008e-11  8.00996e-11  -7.65749e-12  1.58348e-11  -4.93711e-12  -2.44989e-11  -1.14379e-10  1.47882e-11  -9.13482e-11  9.60642e-11  -8.63032e-11  -2.82294e-11  \n",
      "    2   | -1.57053e-11  6.33971e-10  -1.26546e-11  6.28898e-11  -7.30649e-11   1.515e-10  -2.29698e-10  1.05615e-10  1.35806e-10  3.66835e-10  -5.14774e-12  2.65829e-11  5.01696e-11  1.13628e-10  1.51906e-10  1.20084e-11  2.67743e-10  1.39353e-10  \n",
      "    3   | 2.60968e-11  -1.26546e-11  5.76625e-10  -1.83228e-12  7.65779e-12  2.19089e-10  2.79575e-10  4.00066e-11  9.46276e-11  2.02547e-10  6.21506e-12  -1.77066e-10  -1.1157e-10  -6.68627e-11  -4.19401e-10  6.05931e-11  -1.80815e-10  2.82605e-10  \n",
      "    4   | -9.74961e-12  6.28898e-11  -1.83228e-12  5.57283e-10  2.82228e-11  1.34941e-10  -6.66964e-12  1.59989e-10  2.74097e-10  9.56469e-11  9.04234e-11  1.86435e-10  6.89715e-10  -1.45035e-10  1.51443e-10  -8.01914e-11  2.72369e-13    4.29e-10  \n",
      "    5   | 1.38545e-11  -7.30649e-11  7.65779e-12  2.82228e-11  5.47995e-10  -2.68224e-11  -1.05904e-10  -1.94597e-10  -2.73258e-10  -8.51666e-11  -6.3384e-11  -1.23886e-11  -2.25729e-10  1.4038e-10  -1.48392e-10  -1.30664e-10  -6.9495e-11  -1.87315e-10  \n",
      "    6   | 8.20891e-11   1.515e-10  2.19089e-10  1.34941e-10  -2.68224e-11  1.59244e-09  1.31391e-10  8.06185e-10  5.40651e-10  6.08521e-10  3.63476e-10  2.22857e-11  2.65854e-10  -1.56716e-12  -2.87543e-10  1.40626e-10  1.35762e-11  9.58259e-10  \n",
      "    7   | 3.82008e-11  -2.29698e-10  2.79575e-10  -6.66964e-12  -1.05904e-10  1.31391e-10  1.05314e-09  5.68708e-10  2.57531e-10  9.07976e-12  -1.03127e-10  -2.70643e-10  -2.96004e-10  6.9259e-12  -5.13811e-10  -9.32586e-11  -4.5224e-10  -4.37761e-10  \n",
      "    8   | 8.00996e-11  1.05615e-10  4.00066e-11  1.59989e-10  -1.94597e-10  8.06185e-10  5.68708e-10  4.24862e-09  1.14598e-09  5.48718e-10  1.40046e-10  2.21812e-10  5.62669e-10  3.71146e-10  -2.29797e-10  -8.8035e-11  -1.50316e-10  1.47631e-09  \n",
      "    9   | -7.65749e-12  1.35806e-10  9.46276e-11  2.74097e-10  -2.73258e-10  5.40651e-10  2.57531e-10  1.14598e-09  2.25409e-09  6.67285e-10  3.97743e-10  4.69096e-10  1.82552e-09  -3.50115e-10  1.29884e-10  2.80329e-10  -2.34314e-10  9.53531e-10  \n",
      "   10   | 1.58348e-11  3.66835e-10  2.02547e-10  9.56469e-11  -8.51666e-11  6.08521e-10  9.07976e-12  5.48718e-10  6.67285e-10  2.1303e-09  3.45391e-10  8.2055e-11  6.55709e-10  -1.60568e-10  -6.98808e-11  -1.66217e-10  2.25317e-10  3.2649e-10  \n",
      "   11   | -4.93711e-12  -5.14774e-12  6.21506e-12  9.04234e-11  -6.3384e-11  3.63476e-10  -1.03127e-10  1.40046e-10  3.97743e-10  3.45391e-10  1.1032e-09  1.97087e-10  3.82881e-10  -3.40887e-10  4.09103e-10  -1.3978e-10  -1.28211e-11  3.36783e-10  \n",
      "   12   | -2.44989e-11  2.65829e-11  -1.77066e-10  1.86435e-10  -1.23886e-11  2.22857e-11  -2.70643e-10  2.21812e-10  4.69096e-10  8.2055e-11  1.97087e-10  1.46507e-09  1.00987e-09  -3.44859e-10  3.6777e-10  1.82665e-10  9.07155e-11  1.13886e-09  \n",
      "   13   | -1.14379e-10  5.01696e-11  -1.1157e-10  6.89715e-10  -2.25729e-10  2.65854e-10  -2.96004e-10  5.62669e-10  1.82552e-09  6.55709e-10  3.82881e-10  1.00987e-09  6.92711e-09  -9.38908e-10  1.45442e-10  7.73664e-11  -5.73326e-11  2.62007e-09  \n",
      "   14   | 1.47882e-11  1.13628e-10  -6.68627e-11  -1.45035e-10  1.4038e-10  -1.56716e-12  6.9259e-12  3.71146e-10  -3.50115e-10  -1.60568e-10  -3.40887e-10  -3.44859e-10  -9.38908e-10  1.21334e-09  -4.16482e-11  -9.84326e-11  1.39009e-10  -1.28295e-09  \n",
      "   15   | -9.13482e-11  1.51906e-10  -4.19401e-10  1.51443e-10  -1.48392e-10  -2.87543e-10  -5.13811e-10  -2.29797e-10  1.29884e-10  -6.98808e-11  4.09103e-10  3.6777e-10  1.45442e-10  -4.16482e-11  2.38925e-09  -9.81912e-10  4.10594e-10  -1.65715e-09  \n",
      "   16   | 9.60642e-11  1.20084e-11  6.05931e-11  -8.01914e-11  -1.30664e-10  1.40626e-10  -9.32586e-11  -8.8035e-11  2.80329e-10  -1.66217e-10  -1.3978e-10  1.82665e-10  7.73664e-11  -9.84326e-11  -9.81912e-10  1.88645e-09  -1.97798e-10  2.01592e-09  \n",
      "   17   | -8.63032e-11  2.67743e-10  -1.80815e-10  2.72369e-13  -6.9495e-11  1.35762e-11  -4.5224e-10  -1.50316e-10  -2.34314e-10  2.25317e-10  -1.28211e-11  9.07155e-11  -5.73326e-11  1.39009e-10  4.10594e-10  -1.97798e-10  7.35918e-10  -2.38622e-10  \n",
      "   18   | -2.82294e-11  1.39353e-10  2.82605e-10    4.29e-10  -1.87315e-10  9.58259e-10  -4.37761e-10  1.47631e-09  9.53531e-10  3.2649e-10  3.36783e-10  1.13886e-09  2.62007e-09  -1.28295e-09  -1.65715e-09  2.01592e-09  -2.38622e-10  1.29873e-08  \n",
      "The NRMS error between a 4 -dimensional genz_osc function and a BCS-based PC surrogate of order 4 is\n"
     ]
    },
    {
     "data": {
      "text/plain": [
       "0.3888750297379594"
      ]
     },
     "execution_count": 6,
     "metadata": {},
     "output_type": "execute_result"
    }
   ],
   "source": [
    "niter=2\n",
    "\n",
    "# Define PC object\n",
    "start_ord = nord-niter+1 # if basis growth, shrink starting basis to allow for growth niter-1 times  \n",
    "pc_start = uqtkpce.PCSet(\"NISPnoq\", start_ord, ndim, pc_type, pc_alpha, pc_beta)\n",
    "\n",
    "# Perform BCS\n",
    "pc_final, c_k = pce_tools.UQTkBCS(pc_start, x_train, y_train, niter=niter, mindex_growth='nonconservative', verbose=1)\n",
    "\n",
    "# Evaluate the PCE\n",
    "pce_evals = pce_tools.UQTkEvaluatePCE(pc_final, c_k, x_test)\n",
    "\n",
    "# Calculate error metric\n",
    "MSE = np.square(np.subtract(y_test, pce_evals)).mean()\n",
    "NRMSE=math.sqrt(MSE)/np.abs(y_test.mean())\n",
    "print(\"The NRMS error between a\", ndim, \"-dimensional\", model, \"function and a BCS-based PC surrogate of \\\n",
    "order\", nord, \"is\")\n",
    "NRMSE"
   ]
  },
  {
   "attachments": {},
   "cell_type": "markdown",
   "id": "a46c371e",
   "metadata": {},
   "source": [
    "We can also use conservative basis growth, which adds multiindex entries of a higher order if all parents are in the current set."
   ]
  },
  {
   "cell_type": "code",
   "execution_count": null,
   "id": "e252d5f5",
   "metadata": {},
   "outputs": [
    {
     "name": "stdout",
     "output_type": "stream",
     "text": [
      "============  Split # 1 / 1 ============\n",
      "==== BCS with multiindex of size 35 ====\n",
      "BCS has selected====================================================\n",
      "mxn double Array \n",
      "with m =  14 basis terms out of 35\n",
      "14, and n = 14\n",
      "----------------------------------------------------\n",
      "    1   | 1.55954e-10  1.26919e-11  1.05674e-11  3.52183e-12  -1.41901e-12  5.99646e-11  -1.04248e-11  9.13314e-11  -2.15938e-11  5.52916e-11  -5.22335e-12  6.51991e-13  5.25614e-11  7.03137e-11  \n",
      "    2   | 1.26919e-11  5.38507e-10  6.23744e-11  5.67256e-11  -4.30942e-11  1.01692e-10  -4.76733e-11  8.7073e-11  1.87473e-10  3.08133e-10  2.10309e-11  -1.92561e-11  -1.29982e-10  1.61555e-10  \n",
      "    3   | 1.05674e-11  6.23744e-11  4.87679e-10  8.77039e-12  -5.47302e-11  1.11463e-10  1.19389e-10  7.62582e-12  9.08252e-11  2.02573e-10  5.65115e-12  -9.66942e-11  1.19026e-10  1.85321e-10  \n",
      "    4   | 3.52183e-12  5.67256e-11  8.77039e-12  4.80018e-10  7.03096e-11  1.61949e-10  3.63156e-11  7.14409e-11  1.05269e-10  3.81702e-11  4.1249e-11  5.54572e-11  -8.54759e-11  -1.42075e-10  \n",
      "    5   | -1.41901e-12  -4.30942e-11  -5.47302e-11  7.03096e-11  5.11275e-10  3.63779e-11  -2.24638e-10  -2.95862e-10  -1.5523e-10  -5.2995e-11   3.932e-11  1.08872e-10  -1.07014e-10  -1.98993e-10  \n",
      "    6   | 5.99646e-11  1.01692e-10  1.11463e-10  1.61949e-10  3.63779e-11  1.82095e-09  1.1103e-10  5.89475e-10  6.14951e-10  5.7693e-10  5.49281e-10  -7.82815e-12  -2.19169e-10  -1.06579e-09  \n",
      "    7   | -1.04248e-11  -4.76733e-11  1.19389e-10  3.63156e-11  -2.24638e-10  1.1103e-10  6.63152e-10  5.1827e-10  2.68954e-10  1.03599e-10  -6.47236e-11  -5.24729e-11  1.49825e-10  4.96642e-11  \n",
      "    8   | 9.13314e-11  8.7073e-11  7.62582e-12  7.14409e-11  -2.95862e-10  5.89475e-10  5.1827e-10  3.65284e-09  9.83166e-10  5.3275e-10  1.62584e-10  1.87195e-10  1.65799e-10  9.80802e-11  \n",
      "    9   | -2.15938e-11  1.87473e-10  9.08252e-11  1.05269e-10  -1.5523e-10  6.14951e-10  2.68954e-10  9.83166e-10  1.6771e-09  6.35195e-10  3.10575e-10  1.43623e-10  -1.71838e-10  -3.3571e-10  \n",
      "   10   | 5.52916e-11  3.08133e-10  2.02573e-10  3.81702e-11  -5.2995e-11  5.7693e-10  1.03599e-10  5.3275e-10  6.35195e-10  1.94274e-09  3.51369e-10  1.09323e-11  -1.35147e-10  -2.52927e-11  \n",
      "   11   | -5.22335e-12  2.10309e-11  5.65115e-12  4.1249e-11   3.932e-11  5.49281e-10  -6.47236e-11  1.62584e-10  3.10575e-10  3.51369e-10  1.04386e-09  4.71736e-11  -3.41201e-10  -3.84553e-10  \n",
      "   12   | 6.51991e-13  -1.92561e-11  -9.66942e-11  5.54572e-11  1.08872e-10  -7.82815e-12  -5.24729e-11  1.87195e-10  1.43623e-10  1.09323e-11  4.71736e-11  1.1403e-09  -1.46019e-10  3.66561e-11  \n",
      "   13   | 5.25614e-11  -1.29982e-10  1.19026e-10  -8.54759e-11  -1.07014e-10  -2.19169e-10  1.49825e-10  1.65799e-10  -1.71838e-10  -1.35147e-10  -3.41201e-10  -1.46019e-10  1.56794e-09  -3.43253e-11  \n",
      "   14   | 7.03137e-11  1.61555e-10  1.85321e-10  -1.42075e-10  -1.98993e-10  -1.06579e-09  4.96642e-11  9.80802e-11  -3.3571e-10  -2.52927e-11  -3.84553e-10  3.66561e-11  -3.43253e-11  3.85794e-09  \n",
      "==== BCS with multiindex of size 23 ====\n",
      "BCS has selected 14 basis terms out of 23\n",
      "Coefficients:\n",
      "[-0.40685524 -0.39667432 -0.39222092 -0.37117262 -0.35285434  0.21442471\n",
      "  0.16239871  0.15118613  0.14291924  0.08766108  0.07300681  0.06764256\n",
      "  0.06712614 -0.05355022]====================================================\n",
      "mxn double Array \n",
      "with m = 14, and n = 14\n",
      "----------------------------------------------------\n",
      "    1   | 1.55954e-10  1.26919e-11  1.05674e-11  3.52183e-12  -1.41901e-12  5.99646e-11  -1.04248e-11  9.13314e-11  -2.15938e-11  \n",
      "14  terms retained out of a full basis of size 70\n",
      "5.52916e-11  -5.22335e-12  6.51991e-13  5.25614e-11  7.03137e-11  \n",
      "    2   | 1.26919e-11  5.38507e-10  6.23744e-11  5.67256e-11  -4.30942e-11  1.01692e-10  -4.76733e-11  8.7073e-11  1.87473e-10  3.08133e-10  2.10309e-11  -1.92561e-11  -1.29982e-10  1.61555e-10  \n",
      "    3   | 1.05674e-11  6.23744e-11  4.87679e-10  8.77039e-12  -5.47302e-11  1.11463e-10  1.19389e-10  7.62582e-12  9.08251e-11  2.02573e-10  5.65115e-12  -9.66942e-11  1.19026e-10  1.85321e-10  \n",
      "    4   | 3.52183e-12  5.67256e-11  8.77039e-12  4.80018e-10  7.03096e-11  1.61949e-10  3.63156e-11  7.14409e-11  1.05269e-10  3.81702e-11  4.1249e-11  5.54572e-11  -8.54759e-11  -1.42075e-10  \n",
      "    5   | -1.41901e-12  -4.30942e-11  -5.47302e-11  7.03096e-11  5.11275e-10  3.63779e-11  -2.24638e-10  -2.95862e-10  -1.5523e-10  -5.2995e-11   3.932e-11  1.08872e-10  -1.07014e-10  -1.98993e-10  \n",
      "    6   | 5.99646e-11  1.01692e-10  1.11463e-10  1.61949e-10  3.63779e-11  1.82095e-09  1.1103e-10  5.89475e-10  6.14951e-10  5.7693e-10  5.49281e-10  -7.82815e-12  -2.19169e-10  -1.06579e-09  \n",
      "    7   | -1.04248e-11  -4.76733e-11  1.19389e-10  3.63156e-11  -2.24638e-10  1.1103e-10  6.63152e-10  5.1827e-10  2.68954e-10  1.03599e-10  -6.47236e-11  -5.24729e-11  1.49825e-10  4.96642e-11  \n",
      "    8   | 9.13314e-11  8.7073e-11  7.62582e-12  7.14409e-11  -2.95862e-10  5.89475e-10  5.1827e-10  3.65284e-09  9.83166e-10  5.3275e-10  1.62584e-10  1.87195e-10  1.65799e-10  9.80802e-11  \n",
      "    9   | -2.15938e-11  1.87473e-10  9.08251e-11  1.05269e-10  -1.5523e-10  6.14951e-10  2.68954e-10  9.83166e-10  1.6771e-09  6.35195e-10  3.10575e-10  1.43623e-10  -1.71838e-10  -3.3571e-10  \n",
      "   10   | 5.52916e-11  3.08133e-10  2.02573e-10  3.81702e-11  -5.2995e-11  5.7693e-10  1.03599e-10  5.3275e-10  6.35195e-10  1.94274e-09  3.51369e-10  1.09323e-11  -1.35147e-10  -2.52927e-11  \n",
      "   11   | -5.22335e-12  2.10309e-11  5.65115e-12  4.1249e-11   3.932e-11  5.49281e-10  -6.47236e-11  1.62584e-10  3.10575e-10  3.51369e-10  1.04386e-09  4.71736e-11  -3.41201e-10  -3.84553e-10  \n",
      "   12   | 6.51991e-13  -1.92561e-11  -9.66942e-11  5.54572e-11  1.08872e-10  -7.82815e-12  -5.24729e-11  1.87195e-10  1.43623e-10  1.09323e-11  4.71736e-11  1.1403e-09  -1.46019e-10  3.66561e-11  \n",
      "   13   | 5.25614e-11  -1.29982e-10  1.19026e-10  -8.54759e-11  -1.07014e-10  -2.19169e-10  1.49825e-10  1.65799e-10  -1.71838e-10  -1.35147e-10  -3.41201e-10  -1.46019e-10  1.56794e-09  -3.43253e-11  \n",
      "   14   | 7.03137e-11  1.61555e-10  1.85321e-10  -1.42075e-10  -1.98993e-10  -1.06579e-09  4.96642e-11  9.80802e-11  -3.3571e-10  -2.52927e-11  -3.84553e-10  3.66561e-11  -3.43253e-11  3.85794e-09  \n",
      "The NRMS error between a 4 -dimensional genz_osc function and a BCS-based PC surrogate of order 4 is\n"
     ]
    },
    {
     "data": {
      "text/plain": [
       "0.37209580489576466"
      ]
     },
     "execution_count": 7,
     "metadata": {},
     "output_type": "execute_result"
    }
   ],
   "source": [
    "# Perform BCS\n",
    "pc_final, c_k = pce_tools.UQTkBCS(pc_start, x_train, y_train, niter=niter, mindex_growth='conservative', verbose=1)\n",
    "\n",
    "# Evaluate the PCE\n",
    "pce_evals = pce_tools.UQTkEvaluatePCE(pc_final, c_k, x_test)\n",
    "\n",
    "# Calculate error metric\n",
    "MSE = np.square(np.subtract(y_test, pce_evals)).mean()\n",
    "NRMSE=math.sqrt(MSE)/np.abs(y_test.mean())\n",
    "print(\"The NRMS error between a\", ndim, \"-dimensional\", model, \"function and a BCS-based PC surrogate of \\\n",
    "order\", nord, \"is\")\n",
    "NRMSE"
   ]
  },
  {
   "attachments": {},
   "cell_type": "markdown",
   "id": "dcb47d46",
   "metadata": {},
   "source": [
    "## Eta optimization\n",
    "\n",
    "BCS uses the stopping threshold, eta, to determine how many coefficients to retain in the final basis. Larger etas stop the algorithm sooner, causing BCS to retain fewer terms. The default eta is 1e-3. \n",
    "\n",
    "If eta is given an array or list as an argument, the optimum value is chosen through cross-validation on a specified number of folds (eta_folds). If eta_plot = True, a plot of the cross-validation results is generated.\n",
    "\n",
    "The optimal eta is selected according to the following process:\n",
    "- Split training into folds (according to eta_folds)\n",
    "- For each fold:\n",
    "    -  For each eta in the list, \n",
    "        - Perform BCS\n",
    "        - Compute RMSE for training and testing\n",
    "- Average the training and testing errors over the folds\n",
    "- Return the eta with the lowest average RMSE\n",
    "\n",
    "\n",
    "For large values of eta, the training and testing error should increase as the surrogate approximation becomes less precise.\n",
    "Meanwhile, small values of eta can lead to overfitting, increasing the testing error.\n",
    "\n",
    "\n",
    "This example performs eta-optimizing BCS with 2 iterations of nonconservative basis growth. We will use factors of 10 between 1e-16 and 1 for possible etas and 10 folds for cross-validation."
   ]
  },
  {
   "cell_type": "code",
   "execution_count": null,
   "id": "e9ab0cc4",
   "metadata": {},
   "outputs": [
    {
     "name": "stdout",
     "output_type": "stream",
     "text": [
      "====================================================\n",
      "mxn double Array \n",
      "with m = 3, and n = 3\n",
      "----------------------------------------------------\n",
      "    1   | 1.5918e-10  8.83753e-12  -1.22336e-11  \n",
      "    2   | 8.83753e-12  4.59531e-10  -8.12173e-12  \n",
      "    3   | -1.22336e-11  -8.12173e-12  5.2115e-10  \n",
      "====================================================\n",
      "mxn double Array \n",
      "with m = 6, and n = 6\n",
      "----------------------------------------------------\n",
      "    1   | 1.60464e-10  9.6934e-12  -7.90694e-12  2.11205e-11  -5.20135e-12  2.18813e-11  \n",
      "    2   | 9.6934e-12  4.66175e-10  -3.82496e-12  -1.89575e-11  -2.32363e-11  1.49545e-10  \n",
      "    3   | -7.90694e-12  -3.82496e-12  5.37248e-10  5.94299e-11  -4.38459e-11  7.23895e-11  \n",
      "    4   | 2.11205e-11  -1.89575e-11  5.94299e-11  5.41389e-10  9.6849e-11  -2.61189e-10  \n",
      "    5   | -5.20135e-12  -2.32363e-11  -4.38459e-11  9.6849e-11  4.83384e-10  7.19997e-11  \n",
      "    6   | 2.18813e-11  1.49545e-10  7.23895e-11  -2.61189e-10  7.19997e-11  4.27596e-09  \n",
      "====================================================\n",
      "mxn double Array \n",
      "with m = 6, and n = 6\n",
      "----------------------------------------------------\n",
      "    1   | 1.60464e-10  9.6934e-12  -7.90694e-12  2.11205e-11  -5.20135e-12  2.18813e-11  \n",
      "    2   | 9.6934e-12  4.66175e-10  -3.82496e-12  -1.89575e-11  -2.32363e-11  1.49545e-10  \n",
      "    3   | -7.90694e-12  -3.82496e-12  5.37248e-10  5.94299e-11  -4.38459e-11  7.23895e-11  \n",
      "    4   | 2.11205e-11  -1.89575e-11  5.94299e-11  5.41389e-10  9.6849e-11  -2.61189e-10  \n",
      "    5   | -5.20135e-12  -2.32363e-11  -4.38459e-11  9.6849e-11  4.83384e-10  7.19997e-11  \n",
      "    6   | 2.18813e-11  1.49545e-10  7.23895e-11  -2.61189e-10  7.19997e-11  4.27596e-09  \n",
      "====================================================\n",
      "mxn double Array \n",
      "with m = 7, and n = 7\n",
      "----------------------------------------------------\n",
      "    1   | 1.77718e-10  3.86159e-11  -1.68618e-11  1.42622e-11  1.68958e-11  8.45662e-11  2.54425e-10  \n",
      "    2   | 3.86159e-11  5.14656e-10  -1.88352e-11  -3.04534e-11  1.38031e-11  2.54618e-10  4.2647e-10  \n",
      "    3   | -1.68618e-11  -1.88352e-11  5.41895e-10  6.29893e-11  -5.53139e-11  3.98572e-11  -1.32042e-10  \n",
      "    4   | 1.42622e-11  -3.04534e-11  6.29893e-11  5.44115e-10  8.8066e-11  -2.86105e-10  -1.01127e-10  \n",
      "    5   | 1.68958e-11  1.38031e-11  -5.53139e-11  8.8066e-11  5.11683e-10  1.52277e-10  3.25828e-10  \n",
      "    6   | 8.45662e-11  2.54618e-10  3.98572e-11  -2.86105e-10  1.52277e-10  4.50369e-09  9.24307e-10  \n",
      "    7   | 2.54425e-10  4.2647e-10  -1.32042e-10  -1.01127e-10  3.25828e-10  9.24307e-10  3.75156e-09  \n",
      "====================================================\n",
      "mxn double Array \n",
      "with m = 17, and n = 17\n",
      "----------------------------------------------------\n",
      "    1   | 2.13291e-10  3.3777e-11  -8.05036e-12  4.14439e-11  3.36685e-11  1.14496e-10  3.10132e-10  -5.76357e-11  -5.11364e-11  -1.35227e-10  -1.35461e-10  -8.50178e-11  5.13847e-12  9.38298e-12   1.487e-10  -1.73104e-10  1.23442e-10  \n",
      "    2   | 3.3777e-11  5.95201e-10  6.70934e-12  -5.54616e-11  -3.88388e-12  3.42045e-10  4.09994e-10  -8.34574e-11  8.71669e-11  -2.77716e-10  -8.25372e-11  5.33828e-11  -1.47467e-10  3.09494e-10  2.10274e-10  1.07742e-10  7.66782e-11  \n",
      "    3   | -8.05036e-12  6.70934e-12  6.7013e-10  6.3686e-11  -9.59148e-11  6.51807e-11  -1.49733e-10  -1.3735e-10  -5.95886e-11  8.03097e-11  -3.14425e-10  2.21594e-10   1.196e-10  3.29118e-10  5.6206e-11  -6.36521e-11  -1.67376e-10  \n",
      "    4   | 4.14439e-11  -5.54616e-11  6.3686e-11  6.6266e-10  9.09212e-11  -4.67684e-10  -4.84325e-11  8.3982e-11  9.12891e-11  5.25726e-10  -1.68611e-10  1.55812e-11  1.67576e-11  -2.35294e-10  6.53719e-11  -2.82519e-10  -9.97108e-11  \n",
      "    5   | 3.36685e-11  -3.88388e-12  -9.59148e-11  9.09212e-11  6.80072e-10  2.93169e-10  5.25822e-10  2.23764e-10  -2.19296e-10  2.2247e-10  4.43963e-10  -3.30801e-10  -5.64995e-10  -1.44546e-10  -4.80292e-11  -1.52654e-10  5.32065e-11  \n",
      "    6   | 1.14496e-10  3.42045e-10  6.51807e-11  -4.67684e-10  2.93169e-10  5.74227e-09  1.48223e-09  -1.93408e-10  -5.69589e-10  -1.5556e-09  6.99012e-11  -2.21752e-10  -1.63804e-09  3.33467e-10  -2.30191e-10  -4.99483e-10  6.44022e-10  \n",
      "    7   | 3.10132e-10  4.09994e-10  -1.49733e-10  -4.84325e-11  5.25822e-10  1.48223e-09  4.59301e-09  2.08939e-10  -2.36951e-10  6.19305e-10  6.85676e-10  -4.19177e-10  -1.31098e-09  -3.29554e-11  -5.00624e-10  -1.01474e-09  4.29807e-10  \n",
      "    8   | -5.76357e-11  -8.34574e-11  -1.3735e-10  8.3982e-11  2.23764e-10  -1.93408e-10  2.08939e-10  1.55276e-09  5.46004e-11  1.07222e-09  1.0109e-09  1.5368e-10  -1.15382e-11  -1.94539e-10  -4.17784e-10  1.19526e-10  -3.3784e-10  \n",
      "    9   | -5.11364e-11  8.71669e-11  -5.95886e-11  9.12891e-11  -2.19296e-10  -5.69589e-10  -2.36951e-10  5.46004e-11   8.145e-10  4.17851e-10  -1.90507e-10  3.36157e-10  7.60373e-10  2.18321e-10  1.9999e-10  3.5567e-10  -5.67223e-11  \n",
      "   10   | -1.35227e-10  -2.77716e-10  8.03097e-11  5.25726e-10  2.2247e-10  -1.5556e-09  6.19305e-10  1.07222e-09  4.17851e-10  8.44971e-09  2.30971e-09  6.00324e-10  -7.7393e-10  -1.61552e-09  -1.77013e-09  -6.29951e-10  -1.59743e-09  \n",
      "   11   | -1.35461e-10  -8.25372e-11  -3.14425e-10  -1.68611e-10  4.43963e-10  6.99012e-11  6.85676e-10  1.0109e-09  -1.90507e-10  2.30971e-09  7.02275e-09  -1.28471e-10  -8.45416e-10  -7.97156e-10  -7.47661e-10  -8.73717e-10  -1.04839e-10  \n",
      "   12   | -8.50178e-11  5.33828e-11  2.21594e-10  1.55812e-11  -3.30801e-10  -2.21752e-10  -4.19177e-10  1.5368e-10  3.36157e-10  6.00324e-10  -1.28471e-10  1.96209e-09  1.29787e-09  5.2353e-10  2.1692e-10  4.62653e-10  -2.55199e-10  \n",
      "   13   | 5.13847e-12  -1.47467e-10   1.196e-10  1.67576e-11  -5.64995e-10  -1.63804e-09  -1.31098e-09  -1.15382e-11  7.60373e-10  -7.7393e-10  -8.45416e-10  1.29787e-09  5.18071e-09  8.83553e-10  9.86783e-10  1.20005e-09  -2.3127e-10  \n",
      "   14   | 9.38298e-12  3.09494e-10  3.29118e-10  -2.35294e-10  -1.44546e-10  3.33467e-10  -3.29554e-11  -1.94539e-10  2.18321e-10  -1.61552e-09  -7.97156e-10  5.2353e-10  8.83553e-10  2.74792e-09  8.50089e-10  7.86479e-10  5.3308e-10  \n",
      "   15   |  1.487e-10  2.10274e-10  5.6206e-11  6.53719e-11  -4.80292e-11  -2.30191e-10  -5.00624e-10  -4.17784e-10  1.9999e-10  -1.77013e-09  -7.47661e-10  2.1692e-10  9.86783e-10  8.50089e-10  2.31611e-09  3.70852e-10  8.70228e-10  \n",
      "   16   | -1.73104e-10  1.07742e-10  -6.36521e-11  -2.82519e-10  -1.52654e-10  -4.99483e-10  -1.01474e-09  1.19526e-10  3.5567e-10  -6.29951e-10  -8.73717e-10  4.62653e-10  1.20005e-09  7.86479e-10  3.70852e-10  2.74959e-09  1.46509e-10  \n",
      "   17   | 1.23442e-10  7.66782e-11  -1.67376e-10  -9.97108e-11  5.32065e-11  6.44022e-10  4.29807e-10  -3.3784e-10  -5.67223e-11  -1.59743e-09  -1.04839e-10  -2.55199e-10  -2.3127e-10  5.3308e-10  8.70228e-10  1.46509e-10  2.23686e-09  \n",
      "====================================================\n",
      "mxn double Array \n",
      "with m = 35, and n = 35\n",
      "----------------------------------------------------\n",
      "    1   | 6.85658e-10  3.42606e-10  3.6646e-10  2.33372e-10  2.04949e-10  1.11811e-09  7.90823e-11  -3.86599e-10  -1.20759e-10  -1.3083e-09  -1.84465e-09  -6.39029e-10  5.56264e-10  5.10589e-10  9.6811e-10  -1.12998e-09  8.74337e-11  -1.18721e-10  1.64719e-09  -3.34777e-10  4.67673e-11  7.75616e-10  8.24384e-10  -1.19517e-09  8.00302e-11  1.11443e-09  1.64281e-10  5.0619e-10  -5.97665e-10  3.93834e-10  4.98877e-10  3.61314e-10  -7.48992e-10  5.06011e-10  6.03173e-10  \n",
      "    2   | 3.42606e-10  2.11069e-09  8.45693e-10  -6.50338e-10  -1.80327e-10  4.17242e-09  2.05022e-09  -8.57826e-10  -1.7297e-12  -1.10528e-09  -4.1408e-09  -6.90056e-10  -5.72195e-11  6.40163e-10  2.7652e-10  -5.8168e-10  -1.11091e-10  -2.61924e-10  3.85727e-09  -1.9835e-09  -7.08258e-10  1.59515e-09  9.78622e-10   7.907e-10  1.86948e-09  8.95661e-10  -2.34899e-09  1.56321e-10  -1.666e-09  -7.70056e-10  2.33699e-09  1.0597e-11  5.27124e-10  8.60176e-10  -4.09492e-10  \n",
